0 wantMX 001 2402 2401 1 ;;
1 wantMX 000 6481 6481 0 ;;reqEntry,2,6481;;respOk,2
2 inMX 101 10550 10548 2 ;;
3 noMX 000 14524 14522 2 ;;
4 wantMX 000 18568 18568 0 ;;
5 wantMX 100 22460 22459 1 ;;respOk,2
6 noMX 000 26405 26403 2 ;;
7 noMX 000 30447 30445 2 ;;
8 noMX 000 34418 34416 2 ;;
9 wantMX 000 38482 38482 0 ;;respOk,2;;reqEntry,2,38483
10 noMX 000 42597 42596 2 ;;reqEntry,0,42598
11 inMX 101 46720 46718 2 ;;
12 noMX 000 50688 50687 2 ;;
13 wantMX 000 54631 54631 0 ;;
14 inMX 101 58695 58693 2 ;;
15 wantMX 001 62760 62760 1 ;;
16 wantMX 001 66680 66679 1 ;;respOk,0
17 wantMX 001 70719 70718 1 ;;respOk,0
