0 wantMX 000 2402 2402 0 ;;
1 wantMX 000 6481 6481 0 ;;
2 wantMX 000 10550 10550 0 ;;
3 wantMX 100 14524 14523 1 ;;respOk,1
4 inMX 100 18567 18566 2 ;;reqEntry,1,18568
5 noMX 000 22460 22458 2 ;;
6 wantMX 000 26405 26405 0 ;;respOk,1
7 wantMX 100 30447 30446 1 ;;respOk,1
8 wantMX 000 34418 34418 0 ;;respOk,1
9 wantMX 000 38483 38483 0 ;;
10 wantMX 000 42597 42597 1 ;;respOk,1;;reqEntry,0,42598
11 wantMX 100 46720 46719 1 ;;
12 wantMX 100 50688 50687 1 ;;respOk,1
13 inMX 100 54630 54629 2 ;;reqEntry,1,54631
14 wantMX 100 58695 58694 1 ;;
15 wantMX 000 62760 62760 0 ;;
16 wantMX 000 66680 66680 0 ;;
17 wantMX 000 70719 70719 0 ;;respOk,0
